Before:
    pnr recno inddto uddto pattype
1    1     1     10    25       0
2    1    29     12    14       0
3    1    30     25    26       0
4    1     2     30   420       2
5    1     4   1045  1051       0
6    2     3    100   110       0
7    2    31    105   105       0
8    3     5    214   222       0
9    4     6    190   195       0
10   4    32    195   197       0
11   4     7     75    85       0
12   5     8    261   270       0
13   6     9     33    40       0
14   6    10    314   321       0
15   7    11     61    69       0
16   8    12     89    97       0
17   8    13     54    65       2
18   9    14    102   110       0
19  10    15    200   204       0
20  10    16    221   222       0
21  11    17    121   145       0
22  12    18    190   194       0
23  13    19     21    27       0
24  13    20     31    34       0
25  14    21    166   171       0
26  15    22    121   154       0
27  15    23    199   208       0
28  16    24    157   165       0
29  17    25    122   127       0
30  18    26    223   230       0
31  19    27    304   324       0
32  20    28    267   272       0

After:
    pnr recno inddto uddto pattype
 1:   1    30     10    26       0
 2:   1     2     30   420       2
 3:   1     4   1045  1051       0
 4:   2     3    100   110       0
 5:   3     5    214   222       0
 6:   4     7     75    85       0
 7:   4    32    190   197       0
 8:   5     8    261   270       0
 9:   6     9     33    40       0
10:   6    10    314   321       0
11:   7    11     61    69       0
12:   8    13     54    65       2
13:   8    12     89    97       0
14:   9    14    102   110       0
15:  10    15    200   204       0
16:  10    16    221   222       0
17:  11    17    121   145       0
18:  12    18    190   194       0
19:  13    19     21    27       0
20:  13    20     31    34       0
21:  14    21    166   171       0
22:  15    22    121   154       0
23:  15    23    199   208       0
24:  16    24    157   165       0
25:  17    25    122   127       0
26:  18    26    223   230       0
27:  19    27    304   324       0
28:  20    28    267   272       0
